   -8.0 -1.00000000000 -0.50000000000 1.00000000E-99 0.300000000000
   0.50 9.88681201E-02 1.38349777E-01 2.35530247E-01 3.26308420E-01
   0.60 5.62709481E-02 7.87334906E-02 1.35795838E-01 1.79342735E-01
   0.70 2.78410659E-02 5.01401988E-02 1.14115672E-01 1.42372866E-01
   0.80 8.30362095E-03 2.76644939E-02 6.58862248E-02 1.02827232E-01
   0.90 0.00000000E+00 1.02117343E-02 4.22181827E-02 7.22900842E-02
   1.00 0.00000000E+00 1.43346794E-03 2.27848195E-02 4.77424369E-02
   1.10 0.00000000E+00 0.00000000E+00 8.35185136E-03 2.75178991E-02
   1.20 0.00000000E+00 0.00000000E+00 1.56295837E-03 1.19933612E-02
   1.30 0.00000000E+00 0.00000000E+00 0.00000000E+00 3.34557637E-03














