#element         CI                  CM                 CO                CV                  H                  L                    LL                  EH                  EL                    
1    H        0.0200000000        0.014000000        0.000700000        0.002800000        0.0000000000        0.000000000        0.0000000000        0.000000000        0.0000000000
2    He       0.0000000000        0.000000000        0.000000000        0.000000000        0.0000000000        0.000000000        0.0000000000        0.000000000        0.0000000000
3    Li       0.0000015700        0.000001360        0.000001200        0.000001240        0.0000017000        0.000001800        0.0000021000        0.000002100        0.0000005800
4    Be       0.0000000270        0.000000000        0.000000000        0.000000000        0.0000000510        0.000000043        0.0000000510        0.000000000        0.0000000000
5    B        0.0000012000        0.000000600        0.000000300        0.000000500        0.0000004000        0.000000000        0.0000000000        0.000000000        0.0000000000
6    C        0.0320000000        0.022000000        0.004500000        0.005600000        0.0011000000        0.000900000        0.0012000000        0.004000000        0.0036000000
7    N        0.0015000000        0.001520000        0.000090000        0.000080000        0.0000480000        0.000043000        0.0000700000        0.000000000        0.0000000000
8    O        0.4600000000        0.432000000        0.370000000        0.370000000        0.3570000000        0.377000000        0.4000000000        0.280000000        0.3100000000
9    F        0.0000640000        0.000038000        0.000030000        0.000024000        0.0000320000        0.000041000        0.0000630000        0.000238000        0.0001800000
10   Ne       0.0000000000        0.000000000        0.000000000        0.000000000        0.0000000000        0.000000000        0.0000000000        0.000000000        0.0000000000
11   Na       0.0049000000        0.004100000        0.004100000        0.003300000        0.0064000000        0.007000000        0.0070000000        0.006800000        0.0058000000
12   Mg       0.0970000000        0.117000000        0.145000000        0.145000000        0.1400000000        0.149000000        0.1530000000        0.106000000        0.1410000000
13   Al       0.0086000000        0.011800000        0.014300000        0.017500000        0.0113000000        0.012200000        0.0119000000        0.008100000        0.0105000000
14   Si       0.1050000000        0.129000000        0.159000000        0.156000000        0.1690000000        0.185000000        0.1890000000        0.167000000        0.1860000000
15   P        0.0010200000        0.000900000        0.001040000        0.000990000        0.0010800000        0.000950000        0.0008500000        0.002000000        0.0011700000
16   S        0.0590000000        0.033000000        0.020000000        0.022000000        0.0200000000        0.022000000        0.0230000000        0.058000000        0.0330000000
17   Cl       0.0006800000        0.000160000        0.000240000        0.000210000        0.0000800000        0.000076000        0.0001300000        0.000660000        0.0002100000
18   Ar       0.0000000000        0.000000000        0.000000000        0.000000000        0.0000000000        0.000000000        0.0000000000        0.000000000        0.0000000000
19   K        0.0005600000        0.000400000        0.000345000        0.000310000        0.0007800000        0.000825000        0.0007900000        0.000800000        0.0007350000
20   Ca       0.0092000000        0.012700000        0.015800000        0.019000000        0.0125000000        0.013100000        0.0130000000        0.008500000        0.0101000000
21   Sc       0.0000058000        0.000008200        0.000009600        0.000011400        0.0000079000        0.000008600        0.0000084000        0.000005700        0.0000074000
22   Ti       0.0004200000        0.000580000        0.000780000        0.000980000        0.0006000000        0.000630000        0.0006200000        0.000450000        0.0005800000
23   V        0.0000550000        0.000075000        0.000092000        0.000096000        0.0000740000        0.000077000        0.0000750000        0.000054000        0.0000600000
24   Cr       0.0026500000        0.003050000        0.003550000        0.003600000        0.0036600000        0.003880000        0.0037400000        0.003150000        0.0030500000
25   Mn       0.0019000000        0.001700000        0.001650000        0.001450000        0.0023200000        0.002570000        0.0026200000        0.002200000        0.0016300000
26   Fe       0.1820000000        0.210000000        0.248000000        0.235000000        0.2750000000        0.215000000        0.1850000000        0.290000000        0.2200000000
27   Co       0.0005080000        0.000575000        0.000688000        0.000655000        0.0008100000        0.000590000        0.0004900000        0.000840000        0.0006700000
28   Ni       0.0107000000        0.012000000        0.014000000        0.013400000        0.0160000000        0.012000000        0.0102000000        0.017500000        0.0130000000
29   Cu       0.0001210000        0.000115000        0.000125000        0.000100000        0.0000820000        0.000090000        0.0000800000        0.000185000        0.0001100000
30   Zn       0.0003120000        0.000185000        0.000100000        0.000116000        0.0000470000        0.000050000        0.0000460000        0.000250000        0.0000170000
31   Ga       0.0000098000        0.000007800        0.000007100        0.000006000        0.0000060000        0.000005700        0.0000050000        0.000016000        0.0000110000
32   Ge       0.0000330000        0.000023000        0.000021000        0.000017000        0.0000130000        0.000010000        0.0000090000        0.000042000        0.0000280000
33   As       0.0000018400        0.000001800        0.000001950        0.000001600        0.0000020500        0.000001550        0.0000013500        0.000003450        0.0000022000
34   Se       0.0000196000        0.000012700        0.000007600        0.000008300        0.0000077000        0.000009000        0.0000099000        0.000025500        0.0000135000
35   Br       0.0000036000        0.000002600        0.000001300        0.000001500        0.0000005000        0.000000800        0.0000006000        0.000002400        0.0000008000
36   Kr       0.0000000000        0.000000000        0.000000000        0.000000000        0.0000000000        0.000000000        0.0000000000        0.000000000        0.0000000000
37   Rb       0.0000022200        0.000001700        0.000001450        0.000001250        0.0000029000        0.000003100        0.0000031000        0.000002600        0.0000025000
38   Sr       0.0000079000        0.000010100        0.000012700        0.000015300        0.0000100000        0.000011100        0.0000111000        0.000007200        0.0000082000
39   Y        0.0000014400        0.000002000        0.000002400        0.000002400        0.0000022000        0.000002100        0.0000020000        0.000001300        0.0000000000
40   Zr       0.0000038000        0.000008000        0.000007800        0.000008300        0.0000063000        0.000005900        0.0000059000        0.000004900        0.0000052000
41   Nb       0.0000002700        0.000000370        0.000000450        0.000000540        0.0000003600        0.000000390        0.0000003700        0.000000250        0.0000000000
42   Mo       0.0000009200        0.000001500        0.000001900        0.000002100        0.0000017000        0.000001300        0.0000011000        0.000000000        0.0000000000
44   Ru       0.0000007100        0.000000883        0.000001090        0.000001130        0.0000011000        0.000000750        0.0000000000        0.000000915        0.0000008310
45   Rh       0.0000001340        0.000000000        0.000000000        0.000000250        0.0000002200        0.000000000        0.0000000000        0.000000000        0.0000000000
46   Pd       0.0000005600        0.000000640        0.000000703        0.000000705        0.0000008700        0.000000560        0.0000005300        0.000000885        0.0000006900
47   Ag       0.0000002080        0.000000157        0.000000097        0.000000107        0.0000000450        0.000000065        0.0000000720        0.000000236        0.0000000230
48   Cd       0.0000006500        0.000000368        0.000000008        0.000000373        0.0000000170        0.000000011        0.0000000370        0.000000484        0.0000000270
49   In       0.0000000800        0.000000050        0.000000025        0.000000033        0.0000000110        0.000000007        0.0000000120        0.000000058        0.0000000023
50   Sn       0.0000017200        0.000001010        0.000000890        0.000000900        0.0000008600        0.000000710        0.0000000000        0.000000800        0.0000000000
51   Sb       0.0000001530        0.000000115        0.000000105        0.000000085        0.0000000700        0.000000068        0.0000000600        0.000000196        0.0000000900
52   Te       0.0000024000        0.000001910        0.000000900        0.000001020        0.0000002600        0.000000480        0.0000004900        0.000002230        0.0000008000
53   I        0.0000005000        0.000000425        0.000000200        0.000000188        0.0000000680        0.000000053        0.0000000000        0.000000150        0.0000000530
54   Xe       0.0000000000        0.000000000        0.000000000        0.000000000        0.0000000000        0.000000000        0.0000000000        0.000000000        0.0000000000
55   Cs       0.0000001830        0.000000125        0.000000080        0.000000095        0.0000001200        0.000000280        0.0000001800        0.000000200        0.0000001000
56   Ba       0.0000023000        0.000003300        0.000004290        0.000004900        0.0000042000        0.000003700        0.0000048000        0.000002600        0.0000000000
57   La       0.0000002360        0.000000317        0.000000387        0.000000486        0.0000002950        0.000000310        0.0000003150        0.000000235        0.0000001900
58   Ce       0.0000006160        0.000000838        0.000001020        0.000001290        0.0000008300        0.000000900        0.0000009070        0.000000660        0.0000003000
59   Pr       0.0000000929        0.000000129        0.000000157        0.000000200        0.0000001230        0.000000132        0.0000001220        0.000000094        0.0000000000
60   Nd       0.0000004570        0.000000631        0.000000772        0.000000990        0.0000006280        0.000000682        0.0000006590        0.000000460        0.0000002330
62   Sm       0.0000001490        0.000000200        0.000000240        0.000000295        0.0000001850        0.000000195        0.0000002000        0.000000140        0.0000001350
63   Eu       0.0000000560        0.000000076        0.000000094        0.000000113        0.0000000730        0.000000078        0.0000000760        0.000000054        0.0000000540
64   Gd       0.0000001970        0.000000276        0.000000337        0.000000415        0.0000002990        0.000000310        0.0000003030        0.000000214        0.0000001070
65   Tb       0.0000000355        0.000000047        0.000000057        0.000000065        0.0000000530        0.000000057        0.0000000480        0.000000035        0.0000000000
66   Dy       0.0000002450        0.000000330        0.000000404        0.000000475        0.0000003430        0.000000366        0.0000003510        0.000000240        0.0000001390
67   Ho       0.0000000547        0.000000077        0.000000094        0.000000110        0.0000000730        0.000000081        0.0000000770        0.000000050        0.0000000000
68   Er       0.0000001600        0.000000218        0.000000266        0.000000315        0.0000002260        0.000000248        0.0000002340        0.000000166        0.0000000970
69   Tm       0.0000000247        0.000000033        0.000000040        0.000000045        0.0000000390        0.000000039        0.0000000340        0.000000025        0.0000000000
70   Yb       0.0000001590        0.000000222        0.000000270        0.000000322        0.0000002050        0.000000220        0.0000002200        0.000000160        0.0000001650
71   Lu       0.0000000245        0.000000033        0.000000040        0.000000048        0.0000000310        0.000000033        0.0000000330        0.000000024        0.0000000240
72   Hf       0.0000001200        0.000000186        0.000000178        0.000000194        0.0000001800        0.000000170        0.0000001500        0.000000140        0.0000001500
73   Ta       0.0000000160        0.000000022        0.000000027        0.000000032        0.0000000220        0.000000023        0.0000000220        0.000000015        0.0000000000
74   W        0.0000001000        0.000000140        0.000000160        0.000000190        0.0000001600        0.000000110        0.0000000000        0.000000000        0.0000000000
75   Re       0.0000000370        0.000000046        0.000000055        0.000000065        0.0000000700        0.000000040        0.0000000330        0.000000052        0.0000000470
76   Os       0.0000004900        0.000000640        0.000000790        0.000000825        0.0000008200        0.000000515        0.0000004000        0.000000654        0.0000005890
77   Ir       0.0000004600        0.000000595        0.000000735        0.000000760        0.0000007600        0.000000490        0.0000003600        0.000000565        0.0000005250
78   Pt       0.0000009900        0.000001100        0.000001200        0.000001250        0.0000014000        0.000001050        0.0000008500        0.000001200        0.0000000000
79   Au       0.0000001440        0.000000165        0.000000184        0.000000144        0.0000002150        0.000000162        0.0000001400        0.000000330        0.0000002250
80   Hg       0.0000003900        0.000000000        0.000000000        0.000000000        0.0000000000        0.000000000        0.0000000000        0.000000000        0.0000000000
81   Tl       0.0000001420        0.000000092        0.000000042        0.000000046        0.0000000037        0.000000002        0.0000000072        0.000000103        0.0000000050
82   Pb       0.0000024000        0.000001700        0.000002200        0.000001400        0.0000002400        0.000000370        0.0000000000        0.000000110        0.0000000000
83   Bi       0.0000001100        0.000000075        0.000000033        0.000000048        0.0000000170        0.000000014        0.0000000160        0.000000088        0.0000000120
90   Th       0.0000000290        0.000000040        0.000000045        0.000000060        0.0000000420        0.000000043        0.0000000430        0.000000030        0.0000000350
92   U        0.0000000082        0.000000011        0.000000013        0.000000017        0.0000000120        0.000000013        0.0000000130        0.000000009        0.0000000100
                       