     -8.0      -0.127     0.1730    0.3500     0.4740
      0.5      0.1862     0.2117    0.2293     0.2234
      0.6      0.1125     0.1442    0.1678     0.1678
      0.7      0.0647     0.0943    0.1164     0.1201
      0.8      0.0444     0.0628    0.0824     0.0866
      0.9      0.0290     0.0452    0.0593     0.0630
      1.0      0.0161     0.0290    0.0430     0.0454
      1.1      0.0048     0.0149    0.0242     0.0267
      1.2      0.0010     0.0066    0.0153     0.0117
      1.3      0.0000     0.0040    0.0093     0.0029
